NDRG1 106 25 12
ACO2 193 3 12
EIF4A2 263 1 18
USP9X 372 0 12
CDH1 388 71 12
HTRA1 418 1 18
IDH1 422 68 12
DAB2 470 7 14
BAP1 548 23 13
BAP1 548 41 13
MYH11 598 5 16
MYH11 598 5 17
CTNNB1 620 47 12
SMC4 694 4 14
TPD52 707 3 12
ALCAM 865 13 13
PTPN12 898 4 12
SFRP1 917 10 14
SFRP1 917 37 13
BRD4 954 18 18
TES 1346 11 18
AHR 1415 26 13
ARNT2 1514 1 18
MTSS1 1543 14 18
SMAD2 1571 75 12
RASSF2 1643 1 12
CDK1 1661 67 13
DGKA 1769 0 12
SATB1 1786 30 13
CDK10 1830 4 12
MMP9 2149 31 13
NMI 2169 0 18
FOXO3 2281 38 12
RUNX3 2325 35 13
RUNX3 2325 37 12
CREB1 2406 0 18
NEK2 2629 1 14
MUC2 2647 30 13
MUC2 2647 38 13
TRIM21 2740 2 18
TRIM3 2812 0 12
SLC22A18 2864 6 14
CFTR 2903 15 18
ING3 2921 1 18
RECQL 2937 0 14
ALDH1L1 3017 4 12
CRH 3316 0 12
F2 3408 10 12
F2 3408 16 12
JAK2 3471 15 18
MICA 3515 12 13
FOXJ1 3516 0 12
PTH1R 3519 0 12
BATF 3558 1 12
CRHBP 3569 0 12
PRRX1 3575 3 18
EGR3 3660 2 12
STAT4 3661 2 12
BHMT 3662 0 18
MAGI1 3682 1 18
RFX1 3820 0 18
LIPF 3830 0 12
FOXF2 3860 4 12
FOXF2 3860 9 12
CDX2 3868 21 13
PTK6 3931 9 14
MGAT5 4116 0 13
RBMS3 4153 0 14
RBMS3 4153 2 18
SEMA3A 4182 3 12
HDAC6 4212 9 18
PTH 4305 2 12
SLC22A1 4471 0 14
SRY 4908 3 12
CIAPIN1 5160 3 12
PARP1 5282 8 18
MAP1LC3B 5353 7 14
GABARAPL1 5395 0 14
STAT3 5457 64 18
ABI1 5477 4 18
CADM1 5479 4 12
CADM1 5479 5 13
KIF1B 5592 4 18
AZGP1 5628 3 12
MSH2 5688 47 14
GATA3 5798 35 12
NKX3-1 5855 8 13
GATA2 5858 12 12
GATA2 5858 13 12
ACSM3 6220 0 18
BARX2 6240 3 14
GATA1 6251 6 12
ARID1A 6320 3 13
ARID1A 6320 12 13
ARID1A 6320 22 14
ARID1A 6320 23 13
ARID1A 6320 47 12
ARID1A 6320 49 13
ARID1A 6320 52 12
ARID1A 6320 55 13
ARID1A 6320 70 12
ALDOB 6499 2 18
RAB14 6535 0 12
ALDH1A1 6776 58 14
PDCD4 6957 40 13
ATM 7005 42 12
PHLPP1 7041 7 13
MEG3 7050 10 18
MEG3 7050 19 12
TFPI 7367 9 14
SATB2 7467 2 12
SATB2 7467 9 16
SATB2 7467 9 17
SERPINB1 7534 0 12
IGFBP7 7670 7 12
IGFBP7 7670 13 14
RGS6 7902 0 12
MLLT4 8100 0 12
CADM4 8196 0 13
TFAP2B 8296 0 12
SLC7A11 8647 2 12
DCXR 8858 0 14
ARNT 9067 8 18
BEX1 9158 0 14
CDCP1 9265 7 13
XPO4 9292 1 12
SDPR 9498 0 18
FBXW7 9534 22 13
FBXW7 9534 40 13
FBXW7 9534 57 12
ITIH5 9806 2 12
PBLD 10226 0 12
SIRT6 10282 0 18
SIRT6 10282 1 18
SIRT6 10282 10 12
PCDH9 10396 2 13
DHRS9 10447 0 18
TCL6 10483 0 12
SOX17 10617 7 12
CRNN 10696 1 13
KLF4 10836 35 12
KLF4 10836 37 13
PBRM1 10914 11 12
TBX4 11112 1 14
RPL15 11707 1 18
SIRT3 11761 12 12
EGOT 12114 2 18
SASH1 12230 1 18
SASH1 12230 2 18
