DDR1 0 6 8
DDR1 0 6 8
DDR1 0 6 8
DDR1 0 6 8
DDX5 34 0 8
USP22 71 12 1
USP22 71 12 9
USP22 71 18 1
USP22 71 27 3
RAD21 90 2 1
RAD21 90 2 5
RAD21 90 3 1
RAD21 90 4 1
NDRG1 106 24 4
NDRG1 106 24 4
LDHA 114 19 6
LDHA 114 19 10
RACK1 115 0 8
RACK1 115 4 1
RACK1 115 4 5
RACK1 115 8 4
XBP1 126 0 4
HMGB1 133 39 1
HMGB1 133 49 1
HMGB1 133 49 5
HMGB1 133 52 11
HMGB1 133 82 11
HMGB1 133 96 11
GLO1 134 0 1
GLO1 134 0 9
PGK1 162 0 1
PGK1 162 0 5
LAMC1 178 0 4
IQGAP1 191 7 4
PAFAH1B1 205 0 4
LAMP2 209 2 8
RAP1B 218 3 6
RAP1B 218 3 10
UQCRC2 247 0 4
DEK 277 6 1
DEK 277 6 5
DEK 277 8 4
DEK 277 12 4
DEK 277 13 8
DEK 277 15 8
DEK 277 18 1
ALDOA 299 0 8
CD9 319 32 1
RCN1 351 0 4
USP9X 372 10 3
USP9X 372 11 1
CPE 381 5 1
CPE 381 5 5
CPE 381 7 4
EIF5A 385 4 4
CDH1 388 89 1
HDAC1 432 37 8
ILK 444 10 4
SYPL1 457 0 1
SYPL1 457 0 5
RALY 463 0 1
DAB2 470 7 2
CYR61 477 14 1
CYR61 477 14 5
TRAP1 530 1 4
SGTA 533 3 8
SOX4 547 21 1
SOX4 547 21 5
SOX4 547 23 11
BAP1 548 4 1
BAP1 548 23 1
BAP1 548 41 1
RHEB 569 0 4
NQO1 577 7 8
NQO1 577 8 1
NQO1 577 15 1
NQO1 577 15 5
MYH11 598 5 1
USP7 599 8 1
USP7 599 8 5
TGFBI 605 3 1
KDM5B 626 2 1
KDM5B 626 2 5
LAMP1 627 3 1
ID2 634 7 1
SMC1A 650 3 1
SMC1A 650 3 5
SND1 672 0 1
SMC4 694 4 2
TPD52 707 3 1
CD14 738 38 11
TP53 741 53 8
MTHFD2 749 3 1
MTHFD2 749 3 11
SCAMP3 757 0 4
SLC29A1 776 0 1
EFEMP1 801 2 4
BNIP3 804 29 1
CDC25B 807 20 4
SRGN 810 2 1
SRGN 810 2 5
TOMM34 815 1 1
IMPDH2 828 1 8
CD55 849 7 11
ALCAM 865 4 1
ALCAM 865 13 1
ALCAM 865 25 1
ALCAM 865 30 11
SFRP1 917 10 2
CBX6 924 0 1
CBX6 924 0 5
TRAK1 940 0 3
NEDD9 984 8 1
NEDD9 984 8 5
NEDD9 984 9 1
NEDD9 984 9 5
NEDD9 984 11 1
NEDD9 984 11 5
NEDD9 984 14 4
GAS6 1000 14 1
CRK 1033 2 7
CRK 1033 20 4
PSMB4 1045 0 1
PSMB4 1045 0 5
PSMB4 1045 2 1
LAMC2 1063 4 4
TK1 1110 0 1
TK1 1110 0 5
TK1 1110 14 1
TK1 1110 14 9
NR4A1 1111 1 4
FABP5 1113 6 1
ATG9A 1211 2 1
ATG9A 1211 2 5
KIAA0101 1218 6 6
KIAA0101 1218 6 10
KIAA0101 1218 11 4
KIAA0101 1218 12 4
TRIM29 1219 6 1
TRIM29 1219 6 5
CTCF 1230 6 1
SMAD4 1234 33 1
SYF2 1249 0 4
SYF2 1249 1 4
FOXM1 1265 64 6
FOXM1 1265 64 10
FOXM1 1265 74 4
FOXM1 1265 80 4
FOXM1 1265 83 4
S100A13 1275 0 4
SERPINE1 1292 11 1
TNFAIP3 1301 2 1
TNFAIP3 1301 2 5
STIM1 1374 1 6
STIM1 1374 1 10
ABCC1 1404 17 8
SPINT1 1419 0 11
MMP14 1420 18 11
GPX2 1423 1 1
GPX2 1423 1 5
GPX2 1423 4 1
CDC20 1445 18 1
CDC20 1445 18 9
CDC20 1445 19 8
CDC20 1445 20 1
CDC20 1445 20 5
CDC20 1445 23 4
E2F1 1461 98 1
SOX9 1482 8 1
FHL2 1492 1 11
UBE2C 1497 1 4
DYRK2 1507 3 1
MTSS1 1543 0 1
MTSS1 1543 1 1
MTSS1 1543 12 1
MTSS1 1543 12 5
TIMELESS 1550 2 1
C2 1555 1 8
C2 1555 47 4
KIF2A 1578 1 1
KIF2A 1578 1 9
KIF2A 1578 5 1
KIF2A 1578 5 5
GPRC5A 1591 0 1
GPRC5A 1591 0 5
ALDH1A3 1640 11 1
S100A4 1644 34 11
S100A4 1644 40 1
S100A4 1644 50 4
S100A4 1644 67 1
S100A4 1644 88 1
S100A4 1644 88 11
NPRL2 1682 0 8
BAMBI 1721 6 6
BAMBI 1721 6 10
EZH2 1752 24 6
EZH2 1752 24 10
TF 1778 31 8
TF 1778 65 1
SATB1 1786 25 11
SATB1 1786 34 6
SATB1 1786 34 10
TMPO 1805 0 4
CDK10 1830 0 1
CDK10 1830 4 1
CD68 1851 14 1
CD68 1851 14 9
MAP3K3 1856 0 1
MAP3K3 1856 0 5
PTTG1 1885 11 1
PTTG1 1885 11 5
AFAP1 1893 5 1
AFAP1 1893 10 1
AFAP1 1893 10 11
AFAP1 1893 12 4
AFAP1 1893 15 4
AFAP1 1893 18 8
AFAP1 1893 20 1
ZEB2 1923 45 1
SKP2 1940 27 1
SKP2 1940 27 5
PI3 1986 6 6
PI3 1986 6 10
ERCC1 2004 76 1
ERCC1 2004 76 9
HMGB3 2023 1 4
BUB1B 2028 4 4
IGF2BP3 2066 19 1
IGF2BP3 2066 19 5
VCAM1 2099 4 1
MMP9 2149 9 8
MMP9 2149 31 1
MMP9 2149 75 4
CDC6 2172 7 8
FABP4 2179 5 3
PCBP2 2209 1 4
TRIP13 2211 2 1
TRIP13 2211 2 5
SFRP4 2224 0 4
PRAME 2249 8 1
AURKA 2254 13 1
AURKA 2254 58 1
MB 2314 8 1
MB 2314 8 5
RUNX3 2325 35 1
APOBEC3G 2332 2 1
GMFG 2344 0 1
GMFG 2344 0 9
CHKA 2355 2 4
NNAT 2358 0 1
NNAT 2358 0 9
SKI 2380 12 1
SKI 2380 12 9
PROM1 2400 46 4
CD151 2401 6 1
CD151 2401 6 5
CREB1 2406 14 8
S100P 2428 22 1
TRIM24 2453 2 1
GALC 2469 0 1
EDNRA 2501 0 8
CXCL1 2506 18 1
CXCL1 2506 19 4
GEM 2508 42 8
CD44 2521 34 1
CD44 2521 34 5
CD44 2521 93 1
CXCL10 2552 17 1
CXCL10 2552 17 5
PPM1D 2575 5 1
PPM1D 2575 5 5
L1CAM 2589 2 6
L1CAM 2589 2 10
L1CAM 2589 3 1
L1CAM 2589 34 1
DKK1 2601 41 3
CCL21 2605 11 1
CCL21 2605 11 5
ATP7B 2618 3 11
NEK2 2629 1 2
NEK2 2629 18 7
MUC2 2647 30 1
MUC2 2647 38 1
MUC2 2647 71 6
MUC2 2647 71 10
CDC25A 2663 32 4
CDC25A 2663 34 4
NFE2L3 2667 0 3
GNAO1 2710 0 4
MAL 2721 9 1
MAL 2721 9 5
HOXB7 2722 6 1
HOXB7 2722 6 5
HOXB7 2722 9 4
HOXB7 2722 15 4
DHRS12 2738 0 1
DHRS12 2738 0 11
MELK 2757 9 1
MAD1L1 2780 2 11
CLOCK 2863 3 3
SLC22A18 2864 6 2
MAP3K8 2892 6 4
FABP7 2893 2 4
ING3 2921 1 1
RECQL 2937 0 2
CD40 2974 39 7
DDR2 2985 4 1
DDR2 2985 4 5
ADAM8 2994 7 1
ADAM8 2994 7 9
ADAM8 2994 10 8
RIN1 3018 4 1
RIN1 3018 4 9
KLK11 3197 2 1
KLK11 3197 2 5
CCL20 3202 17 8
C5 3221 13 1
BPI 3261 1 11
LAMP3 3271 4 1
LAMP3 3271 4 5
ROR2 3278 11 1
ROR2 3278 11 9
ROR2 3278 12 7
ROR2 3278 14 8
CRH 3316 0 1
PAX6 3327 3 1
PAX6 3327 3 5
HDAC9 3339 1 4
XPA 3348 4 8
TFAP4 3361 2 4
FABP3 3396 1 3
ADAM17 3402 18 1
VPS9D1 3429 0 1
VPS9D1 3429 0 5
SIX1 3453 2 1
SIX1 3453 2 5
CPA4 3466 2 4
PART1 3467 0 1
CX3CR1 3510 10 8
MICA 3515 11 1
MICA 3515 24 1
S100A7 3522 12 1
MMP13 3554 9 4
CRHBP 3569 0 1
EGR3 3660 2 1
KLK8 3667 0 3
CST1 3745 2 3
EGF 3769 43 5
FOXD1 3807 3 1
LIPF 3830 0 1
KIF14 3849 0 4
KIF14 3849 2 8
KIF14 3849 4 7
FOXF2 3860 9 1
BDNF 3865 58 6
BDNF 3865 58 10
CDX2 3868 21 1
CDX2 3868 33 7
FER 3883 10 8
CDX1 3897 1 1
PRMT1 3909 4 1
NDRG2 3915 2 1
PTK6 3931 1 4
PTK6 3931 9 2
FHIT 3938 4 1
CD70 3950 3 1
CD70 3950 3 11
AIM2 3953 5 1
XIAP 3972 47 4
AKR1B10 3988 1 6
AKR1B10 3988 1 10
PTP4A3 3997 10 4
TFE3 4059 0 1
PDK1 4086 10 5
MGAT5 4116 0 1
HOXC11 4135 1 4
RBMS3 4153 0 2
WISP1 4175 6 8
GNA13 4269 1 8
CCR6 4310 3 1
CCR6 4310 3 5
CXCR2 4325 11 4
PARK2 4368 87 1
DLX2 4432 0 4
AKT1 4443 10 1
AKT1 4443 10 5
SLC22A1 4471 0 2
TGFBR2 4562 5 5
PRSS3 4656 2 1
CENPI 4726 0 4
ASCL2 4737 0 1
CASK 4746 1 8
CXCR3 4786 7 3
CXCR3 4786 8 1
CXCR3 4786 8 5
CXCR3 4786 35 1
MUC1 4880 72 11
HMGA2 4969 18 8
HMGA2 4969 25 1
LAPTM4B 4970 1 11
LAPTM4B 4970 10 4
LAPTM4B 4970 11 4
LAPTM4B 4970 17 4
LAPTM4B 4970 24 1
LAPTM4B 4970 24 5
LAPTM4B 4970 25 6
LAPTM4B 4970 25 10
CCL7 4994 6 1
CCL7 4994 6 5
EHD1 5013 1 11
PTGIS 5024 1 4
ABCC3 5040 3 4
PDIA3 5267 3 11
YBX1 5275 2 1
YBX1 5275 2 9
RAC1 5280 63 1
RAC1 5280 63 5
CLIC1 5290 2 1
CLIC1 5290 2 5
CLIC1 5290 4 1
CLIC1 5290 4 5
CCND1 5317 80 1
TCP1 5349 2 4
MAP1LC3B 5353 7 2
MCM7 5358 8 4
STK24 5391 0 1
GABARAPL1 5395 0 2
SLC1A5 5418 4 8
ABI1 5477 4 1
CADM1 5479 5 1
AGR2 5557 5 1
AGR2 5557 8 8
CRYAB 5615 6 3
CASP4 5629 0 1
RUNX1 5655 72 6
RUNX1 5655 72 10
CHI3L1 5675 10 1
CHI3L1 5675 10 5
CHI3L1 5675 23 4
MSH2 5688 47 2
DUSP5 5713 1 1
RAB27A 5749 3 8
GATA3 5798 46 1
BUB1 5818 5 4
SERPINB3 5863 3 1
ABCG2 5874 17 6
ABCG2 5874 17 10
REG1A 5885 6 1
REG1A 5885 7 1
SNCG 5959 6 1
RIT1 5961 0 3
ASCL1 6014 4 1
NOS2 6038 29 11
TPX2 6048 7 1
C6 6118 46 8
IRX5 6148 0 11
TNFAIP8 6160 3 4
TNFAIP8 6160 7 1
TNFAIP8 6160 7 5
TNFSF13 6189 4 8
BARX2 6240 3 2
INHBA 6272 7 1
INHBA 6272 7 5
INHBA 6272 8 1
INHBA 6272 9 1
ARID1A 6320 3 1
ARID1A 6320 12 1
ARID1A 6320 22 2
ARID1A 6320 23 1
ARID1A 6320 49 1
ARID1A 6320 52 1
ARID1A 6320 55 1
AR 6444 7 4
COL3A1 6456 0 4
MCAM 6496 14 1
TACC2 6503 0 8
HLA-G 6539 29 1
HLA-G 6539 35 6
HLA-G 6539 35 10
FGFR1 6540 59 3
HSPA2 6541 5 4
ETV4 6556 3 4
TMPRSS2 6576 10 6
TMPRSS2 6576 10 10
PTEN 6584 49 8
PTHLH 6604 4 1
PTHLH 6604 4 5
KPNA2 6606 14 8
KPNA2 6606 24 4
USP4 6621 0 1
USP4 6621 0 5
CXCR4 6641 13 1
CXCR4 6641 13 5
PXDN 6676 0 8
PTOV1 6682 2 1
PTOV1 6682 2 11
LARP1 6732 0 4
IGFBP3 6735 8 4
CRKL 6753 1 7
CRKL 6753 5 4
IFITM3 6766 1 4
ALDH1A1 6776 6 1
ALDH1A1 6776 6 9
ALDH1A1 6776 36 1
ALDH1A1 6776 36 5
ALDH1A1 6776 37 1
ALDH1A1 6776 38 1
ALDH1A1 6776 41 1
ALDH1A1 6776 41 9
ALDH1A1 6776 46 11
ALDH1A1 6776 58 2
MTDH 6786 38 4
SPAG9 6892 3 4
SPAG9 6892 4 4
CHD1L 6928 1 4
CHD1L 6928 3 4
PDCD4 6957 28 1
PDCD4 6957 40 1
PTPN11 6965 15 1
PTPN11 6965 15 5
WWP1 6984 0 8
WWP1 6984 3 4
SPARC 7002 1 1
SPARC 7002 16 1
SPARC 7002 23 4
SPARC 7002 78 6
SPARC 7002 78 10
TUG1 7045 14 4
TUG1 7045 15 1
TUG1 7045 15 9
TUG1 7045 16 11
ZEB1 7068 32 1
RBBP6 7079 1 4
CBX7 7164 7 6
CBX7 7164 7 10
CEMIP 7177 1 1
CEMIP 7177 1 5
CD47 7246 5 4
CD47 7246 6 1
CD47 7246 6 5
NEK3 7282 0 4
SNAI2 7297 11 11
SYP 7334 2 1
SYP 7334 2 5
TFPI 7367 9 2
FOXC1 7368 14 4
FOXC1 7368 17 1
FOXC1 7368 17 9
STIP1 7404 2 6
STIP1 7404 2 10
YAP1 7410 4 4
YAP1 7410 21 4
YAP1 7410 48 3
YAP1 7410 78 4
TBX2 7455 5 1
TBX2 7455 5 9
TBX2 7455 6 1
TBX2 7455 6 9
SATB2 7467 2 1
RECQL4 7510 0 1
CCNE1 7512 14 1
CCNE1 7512 14 5
ERG 7522 48 6
ERG 7522 48 10
COX5B 7602 0 8
PTPRA 7628 0 1
PTPRA 7628 0 11
HOXA5 7645 4 1
RBM8A 7651 0 8
IGFBP7 7670 13 2
TWIST1 7687 89 1
CHD5 7695 3 1
GPX3 7740 8 1
TKTL1 7764 4 1
HNRNPA1 7800 1 1
BCAT1 7851 5 1
BCAT1 7851 5 5
RGS6 7902 0 1
HOXA1 7969 0 1
HOXA1 7969 3 4
HOXA1 7969 4 1
NEAT1 7973 12 8
NEAT1 7973 17 1
NEAT1 7973 17 5
MUC3A 7985 0 11
DIXDC1 8007 1 4
CXCL5 8110 16 4
SNHG3 8125 1 1
CD163 8140 8 8
GRB2 8148 16 4
ITGA6 8182 0 4
WDR62 8188 0 1
WDR62 8188 0 5
CADM4 8196 0 1
BRMS1 8288 7 1
TFAP2B 8296 2 1
TFAP2B 8296 2 5
DDX27 8300 0 6
DDX27 8300 0 10
BCL6 8367 12 8
FUT3 8369 1 8
MCM5 8401 2 1
MCM5 8401 3 11
PVT1 8402 40 11
HOXB9 8444 9 4
DIMT1 8543 0 1
DIMT1 8543 0 5
MUC4 8544 33 1
MUC4 8544 40 1
COL10A1 8590 0 8
SCUBE3 8630 1 1
SCUBE3 8630 1 5
S100A6 8658 10 1
S100A6 8658 10 5
TRIM44 8684 0 4
C14orf166 8690 1 1
C14orf166 8690 1 5
NDUFA4 8695 0 1
GOLPH3 8720 17 1
GOLPH3 8720 17 5
GOLPH3 8720 18 1
GOLPH3 8720 18 9
GOLPH3 8720 20 4
GOLPH3 8720 22 1
GOLPH3 8720 28 8
GOLPH3 8720 31 1
GOLPH3 8720 31 5
USP39 8740 2 4
PTCD3 8791 0 3
DCXR 8858 0 2
PRC1 8885 23 1
NUSAP1 8908 0 1
NUSAP1 8908 0 9
RBX1 8973 9 4
APPL1 9008 1 6
APPL1 9008 1 10
VPS4B 9021 0 8
TACC3 9138 2 4
TACC3 9138 4 1
TACC3 9138 4 5
TACC3 9138 8 1
TACC3 9138 8 5
TACC3 9138 11 8
BEX1 9158 0 2
TNFRSF12A 9190 0 1
TNFRSF12A 9190 0 5
TNFRSF12A 9190 0 9
MED28 9252 0 1
CDCP1 9265 7 1
NDUFA4L2 9297 1 1
NDUFA4L2 9297 2 4
AGGF1 9340 2 4
C8orf4 9344 0 1
CEP55 9345 0 1
CEP55 9345 0 9
CEP55 9345 8 1
CEP55 9345 8 5
DTL 9385 1 4
PHLDA3 9432 2 1
S100A14 9470 0 4
FBXW7 9534 1 1
FBXW7 9534 40 1
FBXW7 9534 50 1
FBXW7 9534 59 1
ATAD2 9560 5 1
ATAD2 9560 5 5
ATAD2 9560 8 4
ATAD2 9560 17 1
ATAD2 9560 17 5
SMYD3 9565 6 4
ACP6 9572 0 6
ACP6 9572 0 10
IGF2BP2 9615 1 1
DEPTOR 9626 1 1
DEPTOR 9626 1 9
SIRT1 9643 5 1
SIRT1 9643 5 5
SIRT1 9643 26 5
SIRT1 9643 54 1
SIRT1 9643 64 1
SIRT1 9643 64 9
SIRT1 9643 68 1
SIRT1 9643 87 6
SIRT1 9643 87 10
SIRT1 9643 89 1
SIRT1 9643 92 6
SIRT1 9643 92 10
SIRT1 9643 95 6
SIRT1 9643 95 10
NETO2 9652 0 1
TMPRSS4 9714 5 1
TMPRSS4 9714 5 5
TMPRSS4 9714 13 1
TMPRSS4 9714 13 9
TMPRSS4 9714 17 4
ITIH5 9806 2 1
ANKRD49 9810 0 8
PBK 9876 2 4
SPHK1 9975 17 1
SPHK1 9975 17 11
SNIP1 10113 0 8
ELMO3 10115 2 1
FAT4 10131 1 1
SNAI1 10175 90 1
POLQ 10202 3 4
PALB2 10217 2 8
SOX18 10245 2 4
SIRT6 10282 11 1
TREM2 10385 0 1
TREM2 10385 0 9
NOX4 10431 5 4
ECT2 10438 11 7
TCL6 10483 0 1
EHF 10492 0 11
EHF 10492 1 6
EHF 10492 1 10
MMP28 10544 0 4
ASPM 10552 0 8
AKIP1 10582 2 4
KIF26B 10626 2 8
CRNN 10696 1 1
NANOG 10776 67 1
EIF5A2 10788 0 6
EIF5A2 10788 0 10
EIF5A2 10788 1 4
EIF5A2 10788 2 4
KLF4 10836 35 1
KLF4 10836 37 1
PBRM1 10914 11 1
TBX4 11112 1 2
MCM10 11126 0 4
EPB41L5 11330 1 8
LBH 11354 3 4
ASAP1 11379 6 4
RIPK4 11492 2 1
RIPK4 11492 2 11
ARID4B 11505 1 4
KIF18A 11526 0 3
ULBP2 11552 9 1
DEF6 11554 0 1
SPRY4 11715 18 11
SPRY4 11715 20 8
EIF4EBP1 11748 16 1
EIF4EBP1 11748 16 5
LEF1 11758 14 1
LEF1 11758 14 11
SIRT3 11761 3 1
SIRT3 11761 12 1
SIRT3 11761 16 1
SNHG20 11796 3 11
IMP3 11834 27 1
YTHDF1 11869 0 4
SSH1 11876 0 1
SSH1 11876 1 5
COL4A3 12017 0 1
COL4A3 12017 0 9
KLK5 12088 4 1
KLK5 12088 5 1
ZBTB20 12122 0 1
TFEB 12260 2 11
